block,0,0,003AD5F1,0,1,1,4294967295,0,0
block,0,32,001A7532,0,1,1,4294967295,0,0
block,0,64,0018CA85,0,1,1,4294967295,0,0
block,0,96,001E182B,0,1,1,4294967295,0,0
block,0,128,003C4794,0,1,1,4294967295,0,0
block,0,160,00339A0B,0,1,1,4294967295,0,0
block,0,192,0007CEF6,0,1,1,4294967295,0,0
block,0,224,003EBA45,0,1,1,4294967295,0,0
block,0,256,0010E7BA,0,1,1,4294967295,0,0
block,0,288,002558AD,0,1,1,4294967295,0,0
block,0,320,00376850,0,1,1,4294967295,0,0
block,0,352,0017BE2B,0,1,1,4294967295,0,0
block,0,384,003A550D,0,1,1,4294967295,0,0
block,0,416,00130B0C,0,1,1,4294967295,0,0
block,0,448,001C942E,0,1,1,4294967295,0,0
block,0,480,00018DA7,0,1,1,4294967295,0,0
block,0,512,001C4126,0,1,1,4294967295,0,0
block,0,544,004007D9,0,1,1,4294967295,0,0
block,0,576,0038F91A,0,1,1,4294967295,0,0
block,32,576,002B16CF,0,1,1,4294967295,0,0
block,64,576,001F3D5E,0,1,1,4294967295,0,0
block,96,576,001CAA89,0,1,1,4294967295,0,0
block,128,576,003B42A4,0,1,1,4294967295,0,0
block,160,576,001172F4,0,1,1,4294967295,0,0
block,192,576,000417C7,0,1,1,4294967295,0,0
block,224,576,001E88F5,0,1,1,4294967295,0,0
block,256,576,000B0F2E,0,1,1,4294967295,0,0
block,288,576,000365CD,0,1,1,4294967295,0,0
block,320,576,002A523D,0,1,1,4294967295,0,0
block,352,576,0003BA63,0,1,1,4294967295,0,0
block,384,576,003F872F,0,1,1,4294967295,0,0
block,416,576,003ABB3E,0,1,1,4294967295,0,0
block,448,576,000E4F25,0,1,1,4294967295,0,0
block,480,576,003FB56F,0,1,1,4294967295,0,0
block,512,576,001175AF,0,1,1,4294967295,0,0
block,544,576,002D7360,0,1,1,4294967295,0,0
block,576,576,00210A7B,0,1,1,4294967295,0,0
block,608,576,001184CE,0,1,1,4294967295,0,0
block,640,576,0034282A,0,1,1,4294967295,0,0
block,672,576,0007E735,0,1,1,4294967295,0,0
block,704,576,001CB831,0,1,1,4294967295,0,0
block,736,576,00231AFF,0,1,1,4294967295,0,0
block,768,576,003C8C08,0,1,1,4294967295,0,0
block,768,544,000A224C,0,1,1,4294967295,0,0
block,768,512,00184272,0,1,1,4294967295,0,0
block,768,480,000E04C9,0,1,1,4294967295,0,0
block,768,448,0024313E,0,1,1,4294967295,0,0
block,768,416,001A0731,0,1,1,4294967295,0,0
block,768,384,001FF15A,0,1,1,4294967295,0,0
block,768,352,0006CCD9,0,1,1,4294967295,0,0
block,768,320,0034D67F,0,1,1,4294967295,0,0
block,768,288,0029F0EE,0,1,1,4294967295,0,0
block,768,256,0030504A,0,1,1,4294967295,0,0
block,768,224,002ED08E,0,1,1,4294967295,0,0
block,768,192,00003591,0,1,1,4294967295,0,0
block,768,96,002157F5,0,1,1,4294967295,0,0
block,768,64,003DF18F,0,1,1,4294967295,0,0
block,768,160,00266C75,0,1,1,4294967295,0,0
block,768,128,001B3496,0,1,1,4294967295,0,0
block,768,32,0007508B,0,1,1,4294967295,0,0
block,768,0,0004C319,0,1,1,4294967295,0,0
block,736,0,0007CB04,0,1,1,4294967295,0,0
block,704,0,001837B4,0,1,1,4294967295,0,0
block,672,0,003DABB6,0,1,1,4294967295,0,0
block,640,0,002BAEB9,0,1,1,4294967295,0,0
block,608,0,003E7E89,0,1,1,4294967295,0,0
block,576,0,001BC75D,0,1,1,4294967295,0,0
block,544,0,0029E7A4,0,1,1,4294967295,0,0
block,512,0,0012520C,0,1,1,4294967295,0,0
block,480,0,0002A683,0,1,1,4294967295,0,0
block,448,0,0027F9E6,0,1,1,4294967295,0,0
block,416,0,00002E92,0,1,1,4294967295,0,0
block,384,0,003CAC92,0,1,1,4294967295,0,0
block,352,0,0014E33B,0,1,1,4294967295,0,0
block,320,0,0014EE29,0,1,1,4294967295,0,0
block,288,0,002939EA,0,1,1,4294967295,0,0
block,256,0,000D61E9,0,1,1,4294967295,0,0
block,224,0,00175789,0,1,1,4294967295,0,0
block,192,0,00395A7F,0,1,1,4294967295,0,0
block,160,0,0014203E,0,1,1,4294967295,0,0
block,128,0,0023F8E3,0,1,1,4294967295,0,0
block,96,0,000552CB,0,1,1,4294967295,0,0
block,64,0,001330CE,0,1,1,4294967295,0,0
block,32,0,00171C78,0,1,1,4294967295,0,0
spikeDown,64,32,002FD95B,0,1,1,4294967295,0,0
spikeDown,96,32,000A3A0C,0,1,1,4294967295,0,0
spikeDown,128,32,001918AE,0,1,1,4294967295,0,0
spikeDown,160,32,00073B01,0,1,1,4294967295,0,0
spikeDown,192,32,002BE729,0,1,1,4294967295,0,0
spikeDown,224,32,001030A2,0,1,1,4294967295,0,0
spikeDown,256,32,0020691F,0,1,1,4294967295,0,0
spikeDown,288,32,000C14E0,0,1,1,4294967295,0,0
spikeDown,320,32,0038629E,0,1,1,4294967295,0,0
spikeDown,352,32,002ECA9F,0,1,1,4294967295,0,0
spikeDown,384,32,00211609,0,1,1,4294967295,0,0
spikeDown,416,32,003ABE06,0,1,1,4294967295,0,0
spikeDown,448,32,001F3999,0,1,1,4294967295,0,0
spikeDown,480,32,002EC93E,0,1,1,4294967295,0,0
spikeDown,512,32,002702E3,0,1,1,4294967295,0,0
spikeDown,544,32,00182836,0,1,1,4294967295,0,0
spikeDown,576,32,001F9586,0,1,1,4294967295,0,0
spikeDown,608,32,002C2699,0,1,1,4294967295,0,0
spikeDown,640,32,00147103,0,1,1,4294967295,0,0
spikeDown,672,32,00346CB3,0,1,1,4294967295,0,0
spikeDown,704,32,00287A3E,0,1,1,4294967295,0,0
spikeLeft,736,64,002B0544,0,1,1,4294967295,0,0
spikeLeft,736,96,002999DB,0,1,1,4294967295,0,0
spikeLeft,736,128,00178AC7,0,1,1,4294967295,0,0
spikeLeft,736,160,00003D0D,0,1,1,4294967295,0,0
spikeLeft,736,192,000815E5,0,1,1,4294967295,0,0
spikeLeft,736,224,0011F348,0,1,1,4294967295,0,0
spikeLeft,736,256,0017128E,0,1,1,4294967295,0,0
spikeLeft,736,288,00239877,0,1,1,4294967295,0,0
spikeLeft,736,320,003BF818,0,1,1,4294967295,0,0
spikeLeft,736,352,000E1ED0,0,1,1,4294967295,0,0
spikeLeft,736,384,002C077B,0,1,1,4294967295,0,0
spikeLeft,736,416,0033D718,0,1,1,4294967295,0,0
spikeLeft,736,448,0034FA8A,0,1,1,4294967295,0,0
spikeLeft,736,480,0018E868,0,1,1,4294967295,0,0
spikeLeft,736,512,003CF1F8,0,1,1,4294967295,0,0
spikeRight,32,320,0024DF7E,0,1,1,4294967295,0,0
spikeRight,32,288,0024C4D2,0,1,1,4294967295,0,0
spikeRight,32,256,003DEA14,0,1,1,4294967295,0,0
spikeRight,32,224,0019291D,0,1,1,4294967295,0,0
spikeRight,32,192,0021A063,0,1,1,4294967295,0,0
spikeRight,32,160,00221695,0,1,1,4294967295,0,0
spikeRight,32,128,00229A3F,0,1,1,4294967295,0,0
spikeRight,32,96,0035842A,0,1,1,4294967295,0,0
spikeRight,32,512,00330869,0,1,1,4294967295,0,0
spikeRight,32,480,00197D7C,0,1,1,4294967295,0,0
spikeRight,32,448,00175F45,0,1,1,4294967295,0,0
spikeRight,32,416,0005F267,0,1,1,4294967295,0,0
spikeRight,32,384,0004EF31,0,1,1,4294967295,0,0
spikeRight,32,352,00137A67,0,1,1,4294967295,0,0
spikeRight,32,64,000F9C19,0,1,1,4294967295,0,0
spikeUp,160,544,0029E6B8,0,1,1,4294967295,0,0
spikeUp,224,544,00358671,0,1,1,4294967295,0,0
spikeUp,288,544,002658AC,0,1,1,4294967295,0,0
spikeUp,352,544,0037DAB9,0,1,1,4294967295,0,0
spikeUp,416,544,002157EF,0,1,1,4294967295,0,0
spikeUp,480,544,0024B3B8,0,1,1,4294967295,0,0
spikeUp,544,544,003AE2EF,0,1,1,4294967295,0,0
spikeUp,608,544,0029BB9D,0,1,1,4294967295,0,0
warp,672,544,0022EC2F,0,1,1,4294967295,0,1
blockNotVis,704,512,00170D6D,0,1,1,4294967295,0,0
blockNotVis,640,512,001B7AFC,0,1,1,4294967295,0,0
blockNotVis,640,544,0014634A,0,1,1,4294967295,0,0
blockNotVis,672,512,002A9AB7,0,1,1,4294967295,0,0
blockNotVis,704,544,003F32C1,0,1,1,4294967295,0,0
movingPlatform,160,320,0014E415,0,1,1,4294967295,0,1
movingPlatform,224,320,003859FD,0,1,1,4294967295,0,1
movingPlatform,288,320,00342C22,0,1,1,4294967295,0,1
movingPlatform,352,320,001C5294,0,1,1,4294967295,0,1
movingPlatform,416,320,003D9C06,0,1,1,4294967295,0,1
movingPlatform,480,320,002B7CEA,0,1,1,4294967295,0,1
movingPlatform,544,320,001EE9D4,0,1,1,4294967295,0,1
movingPlatform,608,320,002B194E,0,1,1,4294967295,0,1
boss_test,640,224,000C9CC7,0,1,1,4294967295,0,0
camera,32,32,002A89B1,0,1,1,4294967295,0,0
playMusic,64,64,000A646E,0,1,1,4294967295,0,1
playerStart,96,480,002DA110,0,1,1,4294967295,0,0
