trigger01,2016,1632,0011A7AF,0,1,1,4294967295,0,0
trigger01,1984,1632,00134370,0,1,1,4294967295,0,0
trigger01,1952,1632,0036FB18,0,1,1,4294967295,0,0
block,64,0,0014FE65,0,1,1,4294967295,0,0
block,64,32,0006629C,0,1,1,4294967295,0,0
block,64,64,00035A36,0,1,1,4294967295,0,0
block,64,96,00232ED3,0,1,1,4294967295,0,0
block,64,128,0016DDB6,0,1,1,4294967295,0,0
block,64,160,002CAC4F,0,1,1,4294967295,0,0
block,32,160,00137779,0,1,1,4294967295,0,0
block,0,160,0011B547,0,1,1,4294967295,0,0
block,0,192,003BE01A,0,1,1,4294967295,0,0
block,0,224,0003A13D,0,1,1,4294967295,0,0
block,0,256,0024211E,0,1,1,4294967295,0,0
block,0,288,00015611,0,1,1,4294967295,0,0
block,32,288,0037089D,0,1,1,4294967295,0,0
block,64,288,001BBB09,0,1,1,4294967295,0,0
block,64,320,004029C6,0,1,1,4294967295,0,0
block,64,352,0001BF79,0,1,1,4294967295,0,0
block,0,352,000711CB,0,1,1,4294967295,0,0
block,32,352,001192AB,0,1,1,4294967295,0,0
block,0,416,00192D24,0,1,1,4294967295,0,0
block,32,416,0020BC7E,0,1,1,4294967295,0,0
block,64,416,0004F4E4,0,1,1,4294967295,0,0
block,96,416,00340A3E,0,1,1,4294967295,0,0
block,128,416,000A4F8A,0,1,1,4294967295,0,0
block,128,384,002E0CB8,0,1,1,4294967295,0,0
block,128,352,00239A67,0,1,1,4294967295,0,0
block,128,320,00216435,0,1,1,4294967295,0,0
block,128,288,003C77D7,0,1,1,4294967295,0,0
block,-29,384,0031D378,0,1,1,4294967295,0,0
block,192,192,0029B18D,0,1,1,4294967295,0,0
block,224,192,0004983E,0,1,1,4294967295,0,0
block,256,192,001D75CF,0,1,1,4294967295,0,0
block,192,160,003F2009,0,1,1,4294967295,0,0
block,192,128,003BF181,0,1,1,4294967295,0,0
block,192,96,002114A0,0,1,1,4294967295,0,0
block,192,64,002B515F,0,1,1,4294967295,0,0
block,192,32,001E18FE,0,1,1,4294967295,0,0
block,192,0,001CFA17,0,1,1,4294967295,0,0
block,256,160,00319D87,0,1,1,4294967295,0,0
block,256,128,001C1B03,0,1,1,4294967295,0,0
block,256,96,001A3D33,0,1,1,4294967295,0,0
block,256,64,001D2643,0,1,1,4294967295,0,0
block,256,32,002F0DAE,0,1,1,4294967295,0,0
block,256,0,0008A7EB,0,1,1,4294967295,0,0
block,288,0,000C7C94,0,1,1,4294967295,0,0
block,320,0,003D6C80,0,1,1,4294967295,0,0
block,352,0,001F52B5,0,1,1,4294967295,0,0
block,384,0,00041C7F,0,1,1,4294967295,0,0
block,416,0,000FFCB1,0,1,1,4294967295,0,0
block,448,0,001F33C3,0,1,1,4294967295,0,0
block,480,0,0020FD04,0,1,1,4294967295,0,0
block,512,0,00218198,0,1,1,4294967295,0,0
block,544,0,00196F09,0,1,1,4294967295,0,0
block,576,0,0028906D,0,1,1,4294967295,0,0
block,608,0,0035D73F,0,1,1,4294967295,0,0
block,640,0,00359E31,0,1,1,4294967295,0,0
block,672,0,003DFB20,0,1,1,4294967295,0,0
block,704,0,000FABBC,0,1,1,4294967295,0,0
block,736,0,001FE234,0,1,1,4294967295,0,0
block,768,0,00350F56,0,1,1,4294967295,0,0
block,160,288,0002E4CE,0,1,1,4294967295,0,0
block,192,288,001A3F17,0,1,1,4294967295,0,0
block,224,288,0034B399,0,1,1,4294967295,0,0
block,256,288,001C6C8A,0,1,1,4294967295,0,0
block,288,288,0024C2F2,0,1,1,4294967295,0,0
block,320,288,0022A339,0,1,1,4294967295,0,0
block,352,288,0016CCBB,0,1,1,4294967295,0,0
block,384,288,00224E8F,0,1,1,4294967295,0,0
block,384,320,0009B147,0,1,1,4294967295,0,0
block,384,352,000D8A75,0,1,1,4294967295,0,0
block,384,384,001D3E98,0,1,1,4294967295,0,0
block,384,416,0000E2F5,0,1,1,4294967295,0,0
block,384,448,0033E62E,0,1,1,4294967295,0,0
block,384,480,0025ADF8,0,1,1,4294967295,0,0
block,384,512,0036CF2C,0,1,1,4294967295,0,0
block,384,544,003943B6,0,1,1,4294967295,0,0
block,384,576,0004DEDD,0,1,1,4294967295,0,0
block,416,576,00230F5F,0,1,1,4294967295,0,0
block,448,576,002FFA86,0,1,1,4294967295,0,0
block,480,576,0039E610,0,1,1,4294967295,0,0
block,512,576,000666CA,0,1,1,4294967295,0,0
block,544,576,00388C5A,0,1,1,4294967295,0,0
block,576,576,000D5A9B,0,1,1,4294967295,0,0
block,608,576,002EAF18,0,1,1,4294967295,0,0
block,640,576,002AEF73,0,1,1,4294967295,0,0
block,672,576,000A2D61,0,1,1,4294967295,0,0
block,704,576,003D3185,0,1,1,4294967295,0,0
block,736,576,000276E3,0,1,1,4294967295,0,0
block,768,576,0016FD3B,0,1,1,4294967295,0,0
block,800,576,00082FB6,0,1,1,4294967295,0,0
block,832,576,00317D58,0,1,1,4294967295,0,0
block,864,576,00362775,0,1,1,4294967295,0,0
block,896,576,000D1992,0,1,1,4294967295,0,0
block,928,576,003038E1,0,1,1,4294967295,0,0
block,960,576,000AC71F,0,1,1,4294967295,0,0
block,960,544,0037A1A9,0,1,1,4294967295,0,0
block,960,512,0024AD9F,0,1,1,4294967295,0,0
block,960,480,001000A5,0,1,1,4294967295,0,0
block,960,448,0000BD07,0,1,1,4294967295,0,0
block,960,416,003E1F74,0,1,1,4294967295,0,0
block,960,384,0009450D,0,1,1,4294967295,0,0
block,960,352,00309D2C,0,1,1,4294967295,0,0
block,960,320,000E67E8,0,1,1,4294967295,0,0
block,960,288,0033DC7E,0,1,1,4294967295,0,0
block,960,256,000E1C5B,0,1,1,4294967295,0,0
block,960,96,001C153A,0,1,1,4294967295,0,0
block,960,64,00355936,0,1,1,4294967295,0,0
block,960,0,0010EA6F,0,1,1,4294967295,0,0
block,960,32,002D2D4C,0,1,1,4294967295,0,0
block,928,0,000C178B,0,1,1,4294967295,0,0
block,896,0,0039920A,0,1,1,4294967295,0,0
block,864,0,00146FC2,0,1,1,4294967295,0,0
block,832,0,002045E3,0,1,1,4294967295,0,0
block,800,0,0011F0E2,0,1,1,4294967295,0,0
block,992,0,000A7B37,0,1,1,4294967295,0,0
block,1024,0,001A78FF,0,1,1,4294967295,0,0
block,1056,0,000E94EC,0,1,1,4294967295,0,0
block,1088,0,0022906E,0,1,1,4294967295,0,0
block,1120,0,001B1AA8,0,1,1,4294967295,0,0
block,1152,0,001FAA96,0,1,1,4294967295,0,0
block,1184,0,0017C2A2,0,1,1,4294967295,0,0
block,1216,0,003CB965,0,1,1,4294967295,0,0
block,1248,0,003AED34,0,1,1,4294967295,0,0
block,1280,0,000FB8A3,0,1,1,4294967295,0,0
block,1312,0,00191A0A,0,1,1,4294967295,0,0
block,1344,0,002FDA44,0,1,1,4294967295,0,0
block,1376,0,0015E865,0,1,1,4294967295,0,0
block,1408,0,000EF7FB,0,1,1,4294967295,0,0
block,1440,0,00183AF5,0,1,1,4294967295,0,0
block,1472,0,001BC23A,0,1,1,4294967295,0,0
block,1504,0,000D2F23,0,1,1,4294967295,0,0
block,1536,0,003CE89D,0,1,1,4294967295,0,0
block,1568,0,000CE88E,0,1,1,4294967295,0,0
block,1184,32,000E6AA5,0,1,1,4294967295,0,0
block,1184,64,0028F778,0,1,1,4294967295,0,0
block,1184,96,003F1213,0,1,1,4294967295,0,0
block,1184,128,00161F90,0,1,1,4294967295,0,0
block,1184,160,0038789C,0,1,1,4294967295,0,0
block,1184,192,003A12FA,0,1,1,4294967295,0,0
block,1184,224,0035028C,0,1,1,4294967295,0,0
block,1184,256,00347399,0,1,1,4294967295,0,0
block,1184,288,003DD04D,0,1,1,4294967295,0,0
block,1184,448,000CDA91,0,1,1,4294967295,0,0
block,1184,480,00010174,0,1,1,4294967295,0,0
block,1184,512,00357333,0,1,1,4294967295,0,0
block,1184,544,003C20C9,0,1,1,4294967295,0,0
block,1184,576,0020FE77,0,1,1,4294967295,0,0
block,1152,576,00281846,0,1,1,4294967295,0,0
block,1120,576,000B5498,0,1,1,4294967295,0,0
block,1088,576,002AA854,0,1,1,4294967295,0,0
block,1056,576,00262937,0,1,1,4294967295,0,0
block,1024,576,0013BFD2,0,1,1,4294967295,0,0
block,992,576,001B6832,0,1,1,4294967295,0,0
block,1216,576,000CF3FA,0,1,1,4294967295,0,0
block,1248,576,0015DD07,0,1,1,4294967295,0,0
block,1280,576,001B54C5,0,1,1,4294967295,0,0
block,1312,576,001CC0E6,0,1,1,4294967295,0,0
block,1344,576,003ECB3D,0,1,1,4294967295,0,0
block,1376,576,000937AE,0,1,1,4294967295,0,0
block,1408,576,003C6938,0,1,1,4294967295,0,0
block,1440,576,00362E08,0,1,1,4294967295,0,0
block,1472,576,002E6BC7,0,1,1,4294967295,0,0
block,1536,576,003F3C83,0,1,1,4294967295,0,0
block,1568,576,0005FC84,0,1,1,4294967295,0,0
block,1568,544,0011BE9A,0,1,1,4294967295,0,0
block,1568,512,00314B2C,0,1,1,4294967295,0,0
block,1568,480,00154182,0,1,1,4294967295,0,0
block,1568,448,0005F1D5,0,1,1,4294967295,0,0
block,1568,416,00359CE7,0,1,1,4294967295,0,0
block,1568,384,00235486,0,1,1,4294967295,0,0
block,1568,352,00090FA4,0,1,1,4294967295,0,0
block,1568,320,00129629,0,1,1,4294967295,0,0
block,1568,288,00373792,0,1,1,4294967295,0,0
block,1568,256,001D8B22,0,1,1,4294967295,0,0
block,1568,224,00204E3D,0,1,1,4294967295,0,0
block,1568,192,0025937E,0,1,1,4294967295,0,0
block,1568,160,003AE86F,0,1,1,4294967295,0,0
block,1440,224,00178817,0,1,1,4294967295,0,0
block,1440,256,002E53CE,0,1,1,4294967295,0,0
block,1440,288,00031CC1,0,1,1,4294967295,0,0
block,1440,320,0034EA7A,0,1,1,4294967295,0,0
block,1440,352,001CAC9F,0,1,1,4294967295,0,0
block,1440,384,003969FF,0,1,1,4294967295,0,0
block,1440,416,003F302E,0,1,1,4294967295,0,0
block,1440,448,003A4F1C,0,1,1,4294967295,0,0
block,1440,480,000AE048,0,1,1,4294967295,0,0
block,1440,512,00117B22,0,1,1,4294967295,0,0
block,1440,544,003B0872,0,1,1,4294967295,0,0
block,1440,608,003B1B3D,0,1,1,4294967295,0,0
block,1440,640,00234964,0,1,1,4294967295,0,0
block,1440,672,003D8E10,0,1,1,4294967295,0,0
block,1440,704,001180D1,0,1,1,4294967295,0,0
block,1440,736,00119355,0,1,1,4294967295,0,0
block,1440,768,00014C75,0,1,1,4294967295,0,0
block,1440,800,002E86C2,0,1,1,4294967295,0,0
block,1440,832,002A6AF1,0,1,1,4294967295,0,0
block,1440,864,0021F88D,0,1,1,4294967295,0,0
block,1440,896,00237967,0,1,1,4294967295,0,0
block,1440,928,00012F38,0,1,1,4294967295,0,0
block,1440,960,0005954A,0,1,1,4294967295,0,0
block,1440,992,0012F66F,0,1,1,4294967295,0,0
block,1440,1024,0036EBA0,0,1,1,4294967295,0,0
block,1440,1056,001C2D1D,0,1,1,4294967295,0,0
block,1440,1088,0020D835,0,1,1,4294967295,0,0
block,1440,1120,003EE9BF,0,1,1,4294967295,0,0
block,1472,1120,0032DD3F,0,1,1,4294967295,0,0
block,1472,1152,000E71DF,0,1,1,4294967295,0,0
block,1472,1184,00208702,0,1,1,4294967295,0,0
block,1536,1184,00027818,0,1,1,4294967295,0,0
block,1536,1152,0016C4A0,0,1,1,4294967295,0,0
block,1536,1120,00250236,0,1,1,4294967295,0,0
block,1568,1120,0000D392,0,1,1,4294967295,0,0
block,1568,1088,002B91C2,0,1,1,4294967295,0,0
block,1568,1056,00341DAA,0,1,1,4294967295,0,0
block,1568,1024,0034EF63,0,1,1,4294967295,0,0
block,1568,992,001A7283,0,1,1,4294967295,0,0
block,1568,960,000945D3,0,1,1,4294967295,0,0
block,1568,928,0038DEF8,0,1,1,4294967295,0,0
block,1568,896,0031A1CE,0,1,1,4294967295,0,0
block,1568,864,0019A2AA,0,1,1,4294967295,0,0
block,1568,832,0003917F,0,1,1,4294967295,0,0
block,1568,800,0004FEF4,0,1,1,4294967295,0,0
block,1568,768,002FCF53,0,1,1,4294967295,0,0
block,1568,736,001A28D0,0,1,1,4294967295,0,0
block,1568,704,001B6EE8,0,1,1,4294967295,0,0
block,1568,672,001F9D89,0,1,1,4294967295,0,0
block,1568,640,00085662,0,1,1,4294967295,0,0
block,1568,608,00230B27,0,1,1,4294967295,0,0
block,1472,960,00148EA6,0,1,1,4294967295,0,0
block,1472,704,0031082F,0,1,1,4294967295,0,0
block,1472,1216,001FAF69,0,1,1,4294967295,0,0
block,1472,1248,00135AE6,0,1,1,4294967295,0,0
block,1472,1280,001261EB,0,1,1,4294967295,0,0
block,1472,1312,003DE068,0,1,1,4294967295,0,0
block,1472,1344,002165EB,0,1,1,4294967295,0,0
block,1472,1376,001F2EA3,0,1,1,4294967295,0,0
block,1472,1408,00019DAE,0,1,1,4294967295,0,0
block,1440,1536,00256210,0,1,1,4294967295,0,0
block,1440,1440,0017831E,0,1,1,4294967295,0,0
block,1440,1472,0009C4A9,0,1,1,4294967295,0,0
block,1440,1504,003BEC39,0,1,1,4294967295,0,0
block,1472,1568,003CF7E1,0,1,1,4294967295,0,0
block,1440,1568,000CA82E,0,1,1,4294967295,0,0
block,1504,1568,001F2867,0,1,1,4294967295,0,0
block,1536,1568,001D2393,0,1,1,4294967295,0,0
block,1568,1568,002CED91,0,1,1,4294967295,0,0
block,1568,1536,003E1912,0,1,1,4294967295,0,0
block,1600,1472,00383869,0,1,1,4294967295,0,0
block,1600,1536,001B3630,0,1,1,4294967295,0,0
block,1600,1568,0009B081,0,1,1,4294967295,0,0
block,1600,1600,002ED757,0,1,1,4294967295,0,0
block,1600,1440,002BD38E,0,1,1,4294967295,0,0
block,1536,1408,0033DD41,0,1,1,4294967295,0,0
block,1536,1376,002CBB20,0,1,1,4294967295,0,0
block,1536,1344,00029812,0,1,1,4294967295,0,0
block,1536,1312,001A6C56,0,1,1,4294967295,0,0
block,1536,1280,00210E35,0,1,1,4294967295,0,0
block,1536,1248,00248C92,0,1,1,4294967295,0,0
block,1536,1216,000F0B67,0,1,1,4294967295,0,0
block,1600,1408,001271B8,0,1,1,4294967295,0,0
block,1600,1376,000DCF62,0,1,1,4294967295,0,0
block,1600,1344,00267C19,0,1,1,4294967295,0,0
block,1600,1312,0028271B,0,1,1,4294967295,0,0
block,1600,1280,001DBD1F,0,1,1,4294967295,0,0
block,1600,1248,0014825F,0,1,1,4294967295,0,0
block,1600,1216,00340C3B,0,1,1,4294967295,0,0
block,1632,1568,003C37A4,0,1,1,4294967295,0,0
block,1664,1568,0016512C,0,1,1,4294967295,0,0
block,1632,1216,00237066,0,1,1,4294967295,0,0
block,1664,1216,003E6958,0,1,1,4294967295,0,0
block,1696,1216,002059AF,0,1,1,4294967295,0,0
block,1728,1216,003274F7,0,1,1,4294967295,0,0
block,1760,1216,0032813A,0,1,1,4294967295,0,0
block,1792,1216,001DC702,0,1,1,4294967295,0,0
block,1824,1216,0001FBBB,0,1,1,4294967295,0,0
block,1856,1216,0004A57C,0,1,1,4294967295,0,0
block,1888,1216,00043FED,0,1,1,4294967295,0,0
block,1920,1216,0004573C,0,1,1,4294967295,0,0
block,1952,1216,003F04A3,0,1,1,4294967295,0,0
block,1984,1216,0002E90B,0,1,1,4294967295,0,0
block,2016,1216,003F2F9D,0,1,1,4294967295,0,0
block,2048,1216,00226B00,0,1,1,4294967295,0,0
block,2080,1216,00372513,0,1,1,4294967295,0,0
block,2112,1216,002E7E47,0,1,1,4294967295,0,0
block,2144,1216,00353C62,0,1,1,4294967295,0,0
block,2176,1216,00035353,0,1,1,4294967295,0,0
block,2208,1216,003DF607,0,1,1,4294967295,0,0
block,2240,1216,000F9660,0,1,1,4294967295,0,0
block,2272,1216,000CDF2F,0,1,1,4294967295,0,0
block,2304,1216,003CE98A,0,1,1,4294967295,0,0
block,2336,1216,00198DFE,0,1,1,4294967295,0,0
block,2368,1216,00041970,0,1,1,4294967295,0,0
block,2368,1248,003F17CF,0,1,1,4294967295,0,0
block,2368,1280,0011A289,0,1,1,4294967295,0,0
block,2368,1312,001748A0,0,1,1,4294967295,0,0
block,2368,1344,002C526B,0,1,1,4294967295,0,0
block,2368,1376,00373F26,0,1,1,4294967295,0,0
block,2368,1408,000637AC,0,1,1,4294967295,0,0
block,2368,1440,00048428,0,1,1,4294967295,0,0
block,2368,1472,0018019F,0,1,1,4294967295,0,0
block,2368,1504,00344AE5,0,1,1,4294967295,0,0
block,2368,1536,002790BF,0,1,1,4294967295,0,0
block,2368,1568,0032F6BB,0,1,1,4294967295,0,0
block,2368,1600,0023E187,0,1,1,4294967295,0,0
block,2368,1632,000F6B0F,0,1,1,4294967295,0,0
block,2368,1664,001EC148,0,1,1,4294967295,0,0
block,2368,1696,0036CA68,0,1,1,4294967295,0,0
block,2368,1728,00019258,0,1,1,4294967295,0,0
block,2368,1760,0028DD13,0,1,1,4294967295,0,0
block,2368,1792,00392614,0,1,1,4294967295,0,0
block,2336,1792,0026D549,0,1,1,4294967295,0,0
block,2304,1792,003F6E04,0,1,1,4294967295,0,0
block,2272,1792,0000F67C,0,1,1,4294967295,0,0
block,2240,1792,0017F505,0,1,1,4294967295,0,0
block,2208,1792,002D4057,0,1,1,4294967295,0,0
block,2176,1792,0027D7BF,0,1,1,4294967295,0,0
block,2144,1792,001EAE89,0,1,1,4294967295,0,0
block,2112,1792,0013E0AD,0,1,1,4294967295,0,0
block,2080,1792,000D7240,0,1,1,4294967295,0,0
block,2048,1792,003031C0,0,1,1,4294967295,0,0
block,1920,1792,0026B7F2,0,1,1,4294967295,0,0
block,1888,1792,00260816,0,1,1,4294967295,0,0
block,1856,1792,0013DDD8,0,1,1,4294967295,0,0
block,1824,1792,002CAB0A,0,1,1,4294967295,0,0
block,1792,1792,0025FC7A,0,1,1,4294967295,0,0
block,1760,1792,00014A03,0,1,1,4294967295,0,0
block,1728,1792,002F1392,0,1,1,4294967295,0,0
block,1696,1792,001F8591,0,1,1,4294967295,0,0
block,1664,1792,0014ECDC,0,1,1,4294967295,0,0
block,1632,1792,0012A9DF,0,1,1,4294967295,0,0
block,1600,1792,00083FC9,0,1,1,4294967295,0,0
block,1600,1760,003F0BDE,0,1,1,4294967295,0,0
block,1600,1728,00319042,0,1,1,4294967295,0,0
block,1600,1696,002C2A46,0,1,1,4294967295,0,0
block,1600,1664,003E3D2C,0,1,1,4294967295,0,0
block,1600,1632,0021232D,0,1,1,4294967295,0,0
block,1472,1440,0018FE27,0,1,1,4294967295,0,0
block,1568,1440,0035F99F,0,1,1,4294967295,0,0
block,1536,1440,00312235,0,1,1,4294967295,0,0
block,1568,1472,000ED510,0,1,1,4294967295,0,0
block,1600,160,001F28C5,0,1,1,4294967295,0,0
block,1632,160,0009C02F,0,1,1,4294967295,0,0
block,1664,160,0029FB7F,0,1,1,4294967295,0,0
block,1696,160,0009D71E,0,1,1,4294967295,0,0
block,1696,128,002AB23E,0,1,1,4294967295,0,0
block,1696,96,0030FB61,0,1,1,4294967295,0,0
block,1600,224,002919D8,0,1,1,4294967295,0,0
block,1632,224,00271EF7,0,1,1,4294967295,0,0
block,1664,224,003465C2,0,1,1,4294967295,0,0
block,1696,224,00098284,0,1,1,4294967295,0,0
block,1728,224,000325AC,0,1,1,4294967295,0,0
block,1760,224,002B3214,0,1,1,4294967295,0,0
block,1792,224,0012B808,0,1,1,4294967295,0,0
block,1792,192,002EDE45,0,1,1,4294967295,0,0
block,1792,160,003F59DE,0,1,1,4294967295,0,0
block,1600,0,0029261D,0,1,1,4294967295,0,0
block,1632,0,000DF78F,0,1,1,4294967295,0,0
block,1664,0,00054229,0,1,1,4294967295,0,0
block,1696,0,0035FDC5,0,1,1,4294967295,0,0
block,1728,0,00312508,0,1,1,4294967295,0,0
block,1760,0,0005B3D3,0,1,1,4294967295,0,0
block,1792,0,002809CB,0,1,1,4294967295,0,0
block,1792,32,00097B75,0,1,1,4294967295,0,0
block,1792,64,002EB680,0,1,1,4294967295,0,0
block,1792,96,00058E49,0,1,1,4294967295,0,0
block,1824,96,00381D84,0,1,1,4294967295,0,0
block,1856,96,0015F1AD,0,1,1,4294967295,0,0
block,1888,96,00260336,0,1,1,4294967295,0,0
block,1920,96,0032200C,0,1,1,4294967295,0,0
block,1952,96,002A4E52,0,1,1,4294967295,0,0
block,1984,96,000CB809,0,1,1,4294967295,0,0
block,2016,96,000E39F4,0,1,1,4294967295,0,0
block,2048,96,0008EEB4,0,1,1,4294967295,0,0
block,2080,96,00373AE2,0,1,1,4294967295,0,0
block,2112,96,00015DFA,0,1,1,4294967295,0,0
block,2144,96,0018FE47,0,1,1,4294967295,0,0
block,2176,96,0001D8DA,0,1,1,4294967295,0,0
block,2208,96,00248AB9,0,1,1,4294967295,0,0
block,2208,64,003795F5,0,1,1,4294967295,0,0
block,2208,32,00045556,0,1,1,4294967295,0,0
block,2208,0,0026EF74,0,1,1,4294967295,0,0
block,2272,0,00310C89,0,1,1,4294967295,0,0
block,2272,32,00157B9A,0,1,1,4294967295,0,0
block,2272,64,00291281,0,1,1,4294967295,0,0
block,2304,64,0012AED6,0,1,1,4294967295,0,0
block,2304,96,0036E5D2,0,1,1,4294967295,0,0
block,2272,96,0031A16B,0,1,1,4294967295,0,0
block,2304,32,0040478D,0,1,1,4294967295,0,0
block,2304,0,000F4A1B,0,1,1,4294967295,0,0
block,2368,0,002E5BBC,0,1,1,4294967295,0,0
block,2368,32,0037CA57,0,1,1,4294967295,0,0
block,2368,64,00338BEA,0,1,1,4294967295,0,0
block,2368,96,001E714F,0,1,1,4294967295,0,0
block,2368,160,0005ED9A,0,1,1,4294967295,0,0
block,2368,192,003FCB26,0,1,1,4294967295,0,0
block,2368,224,0013E190,0,1,1,4294967295,0,0
block,2368,256,00080CE1,0,1,1,4294967295,0,0
block,2368,288,00182F56,0,1,1,4294967295,0,0
block,2368,320,003391BD,0,1,1,4294967295,0,0
block,2336,320,00274318,0,1,1,4294967295,0,0
block,2304,320,001A8F16,0,1,1,4294967295,0,0
block,2272,320,0013F864,0,1,1,4294967295,0,0
block,2240,320,003A9FFF,0,1,1,4294967295,0,0
block,2272,224,000ABB44,0,1,1,4294967295,0,0
block,2240,224,00150920,0,1,1,4294967295,0,0
block,2208,224,0001FE82,0,1,1,4294967295,0,0
block,2176,224,002BC01A,0,1,1,4294967295,0,0
block,2144,224,003BBAAA,0,1,1,4294967295,0,0
block,2112,224,000A435C,0,1,1,4294967295,0,0
block,2080,224,001B2E44,0,1,1,4294967295,0,0
block,2048,224,001A450C,0,1,1,4294967295,0,0
block,2016,224,002115B5,0,1,1,4294967295,0,0
block,1984,224,0014531C,0,1,1,4294967295,0,0
block,1952,224,0037A04F,0,1,1,4294967295,0,0
block,1920,224,001FC11F,0,1,1,4294967295,0,0
block,1888,224,000AFEA5,0,1,1,4294967295,0,0
block,1856,224,0004FCDC,0,1,1,4294967295,0,0
block,1824,224,002EAB81,0,1,1,4294967295,0,0
block,1888,192,0015FAC3,0,1,1,4294967295,0,0
block,1792,320,0021231A,0,1,1,4294967295,0,0
block,1824,352,000EFC0A,0,1,1,4294967295,0,0
block,1600,480,000DD93C,0,1,1,4294967295,0,0
block,1632,480,0004FA51,0,1,1,4294967295,0,0
block,1664,480,00123150,0,1,1,4294967295,0,0
block,1696,480,0030B78A,0,1,1,4294967295,0,0
block,1728,480,001DB1B9,0,1,1,4294967295,0,0
block,1760,416,0016DF77,0,1,1,4294967295,0,0
block,1760,448,0024772F,0,1,1,4294967295,0,0
block,1760,480,003D76F6,0,1,1,4294967295,0,0
block,1760,384,003AD8F0,0,1,1,4294967295,0,0
block,1728,384,0034A58B,0,1,1,4294967295,0,0
block,1696,384,00129C71,0,1,1,4294967295,0,0
block,1696,352,002FB977,0,1,1,4294967295,0,0
block,1696,320,001C43E3,0,1,1,4294967295,0,0
block,1696,288,003FE6FA,0,1,1,4294967295,0,0
block,1696,256,0038812A,0,1,1,4294967295,0,0
block,1600,544,003F192A,0,1,1,4294967295,0,0
block,1632,544,002D22A2,0,1,1,4294967295,0,0
block,1664,544,002BCC16,0,1,1,4294967295,0,0
block,1696,544,0019B7C6,0,1,1,4294967295,0,0
block,1728,544,0003F062,0,1,1,4294967295,0,0
block,1760,544,002E606C,0,1,1,4294967295,0,0
block,1792,544,00083A8B,0,1,1,4294967295,0,0
block,1824,544,00272DF4,0,1,1,4294967295,0,0
block,1856,544,000782F0,0,1,1,4294967295,0,0
block,1888,544,002BCC11,0,1,1,4294967295,0,0
block,1920,544,00226CBD,0,1,1,4294967295,0,0
block,1952,544,002BA9A7,0,1,1,4294967295,0,0
block,1984,544,00256AC7,0,1,1,4294967295,0,0
block,2016,544,0017CF23,0,1,1,4294967295,0,0
block,2048,544,002CC3AE,0,1,1,4294967295,0,0
block,2080,544,002489D0,0,1,1,4294967295,0,0
block,2112,544,003F6B89,0,1,1,4294967295,0,0
block,2144,544,00371D06,0,1,1,4294967295,0,0
block,2176,544,0033EB64,0,1,1,4294967295,0,0
block,2208,544,0011F003,0,1,1,4294967295,0,0
block,2240,544,000B155F,0,1,1,4294967295,0,0
block,2240,512,0010CAB6,0,1,1,4294967295,0,0
block,2240,480,0030C31D,0,1,1,4294967295,0,0
block,2240,448,001EDC34,0,1,1,4294967295,0,0
block,2272,448,001692CE,0,1,1,4294967295,0,0
block,2304,448,002E99BD,0,1,1,4294967295,0,0
block,2304,480,001C2667,0,1,1,4294967295,0,0
block,2304,512,000F08B9,0,1,1,4294967295,0,0
block,2304,544,002B56CD,0,1,1,4294967295,0,0
block,2304,576,003D4837,0,1,1,4294967295,0,0
block,2368,576,003740C1,0,1,1,4294967295,0,0
block,2368,544,00340AAE,0,1,1,4294967295,0,0
block,2368,512,000F3F20,0,1,1,4294967295,0,0
block,2368,480,003B5983,0,1,1,4294967295,0,0
block,2368,448,0009C121,0,1,1,4294967295,0,0
block,2368,416,00349429,0,1,1,4294967295,0,0
block,2368,384,002C6A8D,0,1,1,4294967295,0,0
block,2368,608,0028431D,0,1,1,4294967295,0,0
block,2368,640,002D7D8A,0,1,1,4294967295,0,0
block,2368,672,0009BDB6,0,1,1,4294967295,0,0
block,2368,704,0038A38B,0,1,1,4294967295,0,0
block,2368,736,003D4304,0,1,1,4294967295,0,0
block,2336,736,0002D6BB,0,1,1,4294967295,0,0
block,2304,736,001DE7C7,0,1,1,4294967295,0,0
block,2304,768,000C0AAE,0,1,1,4294967295,0,0
block,2304,800,00050392,0,1,1,4294967295,0,0
block,2272,800,000A9A6B,0,1,1,4294967295,0,0
block,2240,800,000BA39B,0,1,1,4294967295,0,0
block,2208,800,001F2E43,0,1,1,4294967295,0,0
block,2176,800,003D6BD8,0,1,1,4294967295,0,0
block,2144,800,001E9A6B,0,1,1,4294967295,0,0
block,2112,800,00102F6F,0,1,1,4294967295,0,0
block,2080,800,0039ED5E,0,1,1,4294967295,0,0
block,2048,800,00327366,0,1,1,4294967295,0,0
block,2016,800,002355BF,0,1,1,4294967295,0,0
block,1984,800,000AC737,0,1,1,4294967295,0,0
block,1952,800,003277D6,0,1,1,4294967295,0,0
block,1920,800,0023A580,0,1,1,4294967295,0,0
block,1984,735,00123714,0,1,1,4294967295,0,0
block,2112,735,003C7990,0,1,1,4294967295,0,0
block,2176,672,002486E2,0,1,1,4294967295,0,0
block,2176,640,0001A076,0,1,1,4294967295,0,0
block,2176,608,001030F2,0,1,1,4294967295,0,0
block,2208,608,00034C73,0,1,1,4294967295,0,0
block,2240,608,001BC8A4,0,1,1,4294967295,0,0
block,2272,608,0030E5E6,0,1,1,4294967295,0,0
block,2304,608,00132BB9,0,1,1,4294967295,0,0
block,2144,608,0025EBA2,0,1,1,4294967295,0,0
block,2112,608,003DA9C4,0,1,1,4294967295,0,0
block,2080,608,00042F29,0,1,1,4294967295,0,0
block,2048,608,002A7973,0,1,1,4294967295,0,0
block,2048,640,00053664,0,1,1,4294967295,0,0
block,2048,672,000BED33,0,1,1,4294967295,0,0
block,2016,608,003C4DEE,0,1,1,4294967295,0,0
block,1984,608,000BC880,0,1,1,4294967295,0,0
block,1952,608,002E5C7C,0,1,1,4294967295,0,0
block,1920,608,002EE636,0,1,1,4294967295,0,0
block,1888,608,001A0EB2,0,1,1,4294967295,0,0
block,1856,608,001A0BCF,0,1,1,4294967295,0,0
block,1824,608,00010E01,0,1,1,4294967295,0,0
block,1792,608,003B0735,0,1,1,4294967295,0,0
block,1760,608,00359AED,0,1,1,4294967295,0,0
block,1760,640,0025289B,0,1,1,4294967295,0,0
block,1760,672,000372FF,0,1,1,4294967295,0,0
block,1760,704,0005384B,0,1,1,4294967295,0,0
block,1760,736,0005FEBB,0,1,1,4294967295,0,0
block,1760,768,003A41BF,0,1,1,4294967295,0,0
block,1760,800,00394098,0,1,1,4294967295,0,0
block,1760,832,001C0971,0,1,1,4294967295,0,0
block,1760,864,002B0D40,0,1,1,4294967295,0,0
block,1760,896,0023DC18,0,1,1,4294967295,0,0
block,1792,896,0033495E,0,1,1,4294967295,0,0
block,1824,896,000F424C,0,1,1,4294967295,0,0
block,1856,896,0006197E,0,1,1,4294967295,0,0
block,1760,928,000F9A5E,0,1,1,4294967295,0,0
block,1760,960,0015B0BC,0,1,1,4294967295,0,0
block,1760,992,0006F325,0,1,1,4294967295,0,0
block,1760,1024,00130BAA,0,1,1,4294967295,0,0
block,1760,1056,001A0E91,0,1,1,4294967295,0,0
block,1760,1088,00210562,0,1,1,4294967295,0,0
block,1760,1120,002EEA41,0,1,1,4294967295,0,0
block,1760,1152,002EFBF0,0,1,1,4294967295,0,0
block,1760,1184,00151CB9,0,1,1,4294967295,0,0
block,1792,1184,001ECBCB,0,1,1,4294967295,0,0
block,1824,1184,0013E955,0,1,1,4294967295,0,0
block,1856,1184,001A5A91,0,1,1,4294967295,0,0
block,1888,1184,002CA587,0,1,1,4294967295,0,0
block,1920,1184,00221409,0,1,1,4294967295,0,0
block,1952,1184,002008BE,0,1,1,4294967295,0,0
block,1984,1184,000B3A14,0,1,1,4294967295,0,0
block,2016,1184,0019E522,0,1,1,4294967295,0,0
block,2048,1184,00184CC5,0,1,1,4294967295,0,0
block,2080,1184,002BA928,0,1,1,4294967295,0,0
block,2112,1184,003580A1,0,1,1,4294967295,0,0
block,2144,1184,002C2D64,0,1,1,4294967295,0,0
block,2176,1184,003BA1D0,0,1,1,4294967295,0,0
block,2208,1184,003399AD,0,1,1,4294967295,0,0
block,2240,1184,0000CD9E,0,1,1,4294967295,0,0
block,2272,1184,003595CC,0,1,1,4294967295,0,0
block,2272,1152,00033C0B,0,1,1,4294967295,0,0
block,2272,1120,000BECCD,0,1,1,4294967295,0,0
block,2272,1088,0036BF4D,0,1,1,4294967295,0,0
block,2272,1056,0002B407,0,1,1,4294967295,0,0
block,2304,1056,00055A14,0,1,1,4294967295,0,0
block,2336,1056,003CE9CD,0,1,1,4294967295,0,0
block,2368,1056,0037BC27,0,1,1,4294967295,0,0
block,2368,928,000EE7FF,0,1,1,4294967295,0,0
block,2368,896,0002B0F5,0,1,1,4294967295,0,0
block,2336,896,00009A01,0,1,1,4294967295,0,0
block,2304,896,0028577D,0,1,1,4294967295,0,0
block,2272,896,0035B9AC,0,1,1,4294967295,0,0
block,2272,928,0031FCE8,0,1,1,4294967295,0,0
block,2272,864,0034AC90,0,1,1,4294967295,0,0
block,2272,832,00055147,0,1,1,4294967295,0,0
block,1824,1024,00389131,0,1,1,4294967295,0,0
block,1824,1056,0024741D,0,1,1,4294967295,0,0
block,2016,1024,000F3503,0,1,1,4294967295,0,0
block,2016,1056,002A4353,0,1,1,4294967295,0,0
block,2208,1024,0039B309,0,1,1,4294967295,0,0
block,2208,1056,0037A236,0,1,1,4294967295,0,0
spikeDown,288,32,000F2D82,0,1,1,4294967295,0,0
spikeDown,320,32,001E71B3,0,1,1,4294967295,0,0
spikeDown,352,32,001E52E5,0,1,1,4294967295,0,0
spikeDown,384,32,000D8238,0,1,1,4294967295,0,0
spikeDown,416,32,001764D8,0,1,1,4294967295,0,0
spikeDown,448,32,0013ACBC,0,1,1,4294967295,0,0
spikeDown,480,32,001D45CD,0,1,1,4294967295,0,0
spikeDown,512,32,0020A03E,0,1,1,4294967295,0,0
spikeDown,544,32,00070391,0,1,1,4294967295,0,0
spikeDown,576,32,0008A0CA,0,1,1,4294967295,0,0
spikeDown,608,32,000A9BF6,0,1,1,4294967295,0,0
spikeDown,640,32,000C1DC7,0,1,1,4294967295,0,0
spikeDown,672,32,0027B1CD,0,1,1,4294967295,0,0
spikeDown,704,32,0019873D,0,1,1,4294967295,0,0
spikeDown,736,32,0006164B,0,1,1,4294967295,0,0
spikeDown,768,32,003E152E,0,1,1,4294967295,0,0
spikeUp,416,544,001ADFE1,0,1,1,4294967295,0,0
spikeUp,448,544,001414F7,0,1,1,4294967295,0,0
spikeUp,480,544,003CE404,0,1,1,4294967295,0,0
spikeUp,512,544,000B83DA,0,1,1,4294967295,0,0
spikeUp,544,544,00055F78,0,1,1,4294967295,0,0
spikeUp,576,544,0037C7CC,0,1,1,4294967295,0,0
spikeUp,608,544,0001F341,0,1,1,4294967295,0,0
spikeUp,640,544,003DC206,0,1,1,4294967295,0,0
spikeUp,672,544,00402633,0,1,1,4294967295,0,0
spikeUp,704,544,00162CA7,0,1,1,4294967295,0,0
spikeUp,736,544,00141D4B,0,1,1,4294967295,0,0
spikeUp,768,544,002D7750,0,1,1,4294967295,0,0
spikeUp,800,544,0029E76B,0,1,1,4294967295,0,0
spikeUp,832,544,001F3082,0,1,1,4294967295,0,0
spikeUp,864,544,002C5FB5,0,1,1,4294967295,0,0
spikeUp,896,544,00260397,0,1,1,4294967295,0,0
spikeUp,928,544,0008E888,0,1,1,4294967295,0,0
spikeUp,992,544,002A2534,0,1,1,4294967295,0,0
spikeUp,1024,544,0010516C,0,1,1,4294967295,0,0
spikeUp,1056,544,00064647,0,1,1,4294967295,0,0
spikeUp,1088,544,00319991,0,1,1,4294967295,0,0
spikeUp,1120,544,00283F87,0,1,1,4294967295,0,0
spikeUp,1152,544,00275C2A,0,1,1,4294967295,0,0
spikeUp,1216,544,00348D67,0,1,1,4294967295,0,0
spikeUp,1248,544,004012C5,0,1,1,4294967295,0,0
spikeUp,1280,544,00346FDA,0,1,1,4294967295,0,0
spikeUp,1312,544,00242158,0,1,1,4294967295,0,0
spikeUp,1344,544,003F7D0B,0,1,1,4294967295,0,0
spikeUp,1376,544,000143AD,0,1,1,4294967295,0,0
spikeUp,1408,544,00079D4D,0,1,1,4294967295,0,0
spikeUp,1472,544,0029F45D,0,1,1,4294967295,0,0
spikeUp,1536,544,002075DE,0,1,1,4294967295,0,0
spikeDown,800,32,0034C641,0,1,1,4294967295,0,0
spikeDown,832,32,002AE23B,0,1,1,4294967295,0,0
spikeDown,864,32,001C9911,0,1,1,4294967295,0,0
spikeDown,896,32,0019FEB2,0,1,1,4294967295,0,0
spikeDown,928,32,001EF458,0,1,1,4294967295,0,0
spikeDown,992,32,00095C22,0,1,1,4294967295,0,0
spikeDown,1024,32,0020A5E4,0,1,1,4294967295,0,0
spikeDown,1056,32,000218DF,0,1,1,4294967295,0,0
spikeDown,1088,32,003F894F,0,1,1,4294967295,0,0
spikeDown,1120,32,0020A3AA,0,1,1,4294967295,0,0
spikeDown,1152,32,001D19E6,0,1,1,4294967295,0,0
spikeDown,1248,32,0019DFC2,0,1,1,4294967295,0,0
spikeDown,1280,32,003CBABF,0,1,1,4294967295,0,0
spikeDown,1312,32,000DB711,0,1,1,4294967295,0,0
spikeDown,1344,32,002343A8,0,1,1,4294967295,0,0
spikeDown,1376,32,001DBC46,0,1,1,4294967295,0,0
spikeDown,1408,32,0036EE54,0,1,1,4294967295,0,0
spikeDown,1440,32,0015D748,0,1,1,4294967295,0,0
spikeDown,1472,32,002E3C44,0,1,1,4294967295,0,0
spikeDown,1504,32,0011171A,0,1,1,4294967295,0,0
spikeDown,1536,32,003A25CC,0,1,1,4294967295,0,0
spikeDown,1568,32,000B8358,0,1,1,4294967295,0,0
spikeDown,1216,32,003E18B6,0,1,1,4294967295,0,0
spikeDown,960,128,001185AA,0,1,1,4294967295,0,0
spikeDown,1184,320,001AB29B,0,1,1,4294967295,0,0
spikeUp,960,224,000B9241,0,1,1,4294967295,0,0
spikeUp,1184,416,00210FAB,0,1,1,4294967295,0,0
spikeUp,1440,192,00116BC7,0,1,1,4294967295,0,0
spikeLeft,928,96,00189720,0,1,1,4294967295,0,0
spikeLeft,928,256,001616FF,0,1,1,4294967295,0,0
spikeLeft,928,288,000ED9C9,0,1,1,4294967295,0,0
spikeLeft,928,320,0029D5F0,0,1,1,4294967295,0,0
spikeLeft,928,352,00324063,0,1,1,4294967295,0,0
spikeLeft,928,384,001BD68E,0,1,1,4294967295,0,0
spikeLeft,928,416,00070060,0,1,1,4294967295,0,0
spikeLeft,928,448,0000DD01,0,1,1,4294967295,0,0
spikeLeft,928,480,0023D050,0,1,1,4294967295,0,0
spikeLeft,928,512,0026EC39,0,1,1,4294967295,0,0
spikeRight,992,96,0037A302,0,1,1,4294967295,0,0
spikeRight,992,256,0016B8A6,0,1,1,4294967295,0,0
spikeRight,992,320,001E04AD,0,1,1,4294967295,0,0
spikeRight,992,384,001502CE,0,1,1,4294967295,0,0
spikeRight,992,448,003D442E,0,1,1,4294967295,0,0
spikeRight,992,512,00130990,0,1,1,4294967295,0,0
spikeRight,992,480,000D53EC,0,1,1,4294967295,0,0
spikeRight,992,416,002B90EB,0,1,1,4294967295,0,0
spikeRight,992,352,0021D8C3,0,1,1,4294967295,0,0
spikeRight,992,288,000800D9,0,1,1,4294967295,0,0
spikeRight,1472,512,001F3CD3,0,1,1,4294967295,0,0
spikeRight,1472,480,001A6559,0,1,1,4294967295,0,0
spikeRight,1472,448,000AAF6D,0,1,1,4294967295,0,0
spikeRight,1472,416,00255919,0,1,1,4294967295,0,0
spikeRight,1472,384,003E3E43,0,1,1,4294967295,0,0
spikeRight,1472,352,00179AB5,0,1,1,4294967295,0,0
spikeRight,1472,320,0019E198,0,1,1,4294967295,0,0
spikeRight,1472,288,002B9876,0,1,1,4294967295,0,0
spikeRight,1472,256,0011317B,0,1,1,4294967295,0,0
spikeRight,1472,224,00076D5F,0,1,1,4294967295,0,0
spikeLeft,1408,224,0015D3B7,0,1,1,4294967295,0,0
spikeLeft,1408,256,000024C3,0,1,1,4294967295,0,0
spikeLeft,1408,288,0019B482,0,1,1,4294967295,0,0
spikeLeft,1408,320,003AE71F,0,1,1,4294967295,0,0
spikeLeft,1408,352,003B529C,0,1,1,4294967295,0,0
spikeLeft,1408,384,000FB048,0,1,1,4294967295,0,0
spikeLeft,1408,416,001859E7,0,1,1,4294967295,0,0
spikeLeft,1408,448,001846F4,0,1,1,4294967295,0,0
spikeLeft,1408,480,0029E300,0,1,1,4294967295,0,0
spikeLeft,1408,512,003C9797,0,1,1,4294967295,0,0
spikeLeft,1536,192,0037C14E,0,1,1,4294967295,0,0
spikeLeft,1536,224,001A322B,0,1,1,4294967295,0,0
spikeLeft,1536,256,00320952,0,1,1,4294967295,0,0
spikeLeft,1536,288,002B55CD,0,1,1,4294967295,0,0
spikeLeft,1536,320,00040B69,0,1,1,4294967295,0,0
spikeLeft,1536,352,0014CD72,0,1,1,4294967295,0,0
spikeLeft,1536,384,0013054F,0,1,1,4294967295,0,0
spikeLeft,1536,416,000B1342,0,1,1,4294967295,0,0
spikeLeft,1536,448,000F19A3,0,1,1,4294967295,0,0
spikeLeft,1536,480,000EC5E3,0,1,1,4294967295,0,0
spikeLeft,1536,512,00107AA8,0,1,1,4294967295,0,0
spikeRight,1472,1088,000745BC,0,1,1,4294967295,0,0
spikeLeft,1536,1088,0025C981,0,1,1,4294967295,0,0
spikeRight,1504,704,0001307D,0,1,1,4294967295,0,0
spikeRight,1504,960,000E357D,0,1,1,4294967295,0,0
spikeLeft,1536,832,002356E8,0,1,1,4294967295,0,0
spikeUp,1472,672,0017DE92,0,1,1,4294967295,0,0
spikeUp,1472,928,002719E2,0,1,1,4294967295,0,0
spikeDown,1472,736,0038F99E,0,1,1,4294967295,0,0
spikeDown,1472,992,000ED27C,0,1,1,4294967295,0,0
spikeUp,1472,1536,001A4B0E,0,1,1,4294967295,0,0
spikeUp,1504,1536,0011C66B,0,1,1,4294967295,0,0
spikeUp,1536,1536,000BCDF1,0,1,1,4294967295,0,0
spikeDown,1632,1248,00125D7A,0,1,1,4294967295,0,0
spikeDown,1664,1248,001E1E45,0,1,1,4294967295,0,0
spikeDown,1696,1248,000C960E,0,1,1,4294967295,0,0
spikeDown,1728,1248,0019ADE4,0,1,1,4294967295,0,0
spikeDown,1760,1248,00010754,0,1,1,4294967295,0,0
spikeDown,1792,1248,00093EE8,0,1,1,4294967295,0,0
spikeDown,1824,1248,002253CC,0,1,1,4294967295,0,0
spikeDown,1856,1248,00074A77,0,1,1,4294967295,0,0
spikeDown,1888,1248,00316EC3,0,1,1,4294967295,0,0
spikeDown,1920,1248,000B1470,0,1,1,4294967295,0,0
spikeDown,2048,1248,002EC03E,0,1,1,4294967295,0,0
spikeDown,2080,1248,004044D4,0,1,1,4294967295,0,0
spikeDown,2112,1248,0008C0CA,0,1,1,4294967295,0,0
spikeDown,2144,1248,00170D42,0,1,1,4294967295,0,0
spikeDown,2176,1248,00327629,0,1,1,4294967295,0,0
spikeDown,2208,1248,0032D8DE,0,1,1,4294967295,0,0
spikeDown,2240,1248,003D6D20,0,1,1,4294967295,0,0
spikeDown,2272,1248,0021CDF1,0,1,1,4294967295,0,0
spikeDown,2304,1248,002F59D0,0,1,1,4294967295,0,0
spikeDown,2336,1248,003CF61C,0,1,1,4294967295,0,0
spikeUp,1920,1760,0036F784,0,1,1,4294967295,0,0
spikeUp,1888,1760,000AD344,0,1,1,4294967295,0,0
spikeUp,1856,1760,00253C34,0,1,1,4294967295,0,0
spikeUp,1824,1760,0035E132,0,1,1,4294967295,0,0
spikeUp,1792,1760,00148915,0,1,1,4294967295,0,0
spikeUp,1760,1760,002EA042,0,1,1,4294967295,0,0
spikeUp,1728,1760,00159643,0,1,1,4294967295,0,0
spikeUp,1696,1760,001D8A72,0,1,1,4294967295,0,0
spikeUp,1664,1760,0021337B,0,1,1,4294967295,0,0
spikeUp,1632,1760,0029B7A2,0,1,1,4294967295,0,0
spikeUp,2048,1760,000551CC,0,1,1,4294967295,0,0
spikeUp,2176,1760,0001527B,0,1,1,4294967295,0,0
spikeUp,2240,1760,00178DCC,0,1,1,4294967295,0,0
spikeUp,2080,1760,002C4195,0,1,1,4294967295,0,0
spikeUp,2112,1760,0003A833,0,1,1,4294967295,0,0
spikeUp,2144,1760,003A82E4,0,1,1,4294967295,0,0
spikeUp,2208,1760,0025D5AA,0,1,1,4294967295,0,0
spikeUp,2272,1760,0003F44F,0,1,1,4294967295,0,0
spikeUp,2304,1760,000CE8CF,0,1,1,4294967295,0,0
spikeUp,2336,1760,00377690,0,1,1,4294967295,0,0
fall_01_8,1952,1248,002DA7CE,0,1,1,4294967295,0,0
fall_01_8,1984,1248,001BFC73,0,1,1,4294967295,0,0
fall_01_8,2016,1248,00309A7A,0,1,1,4294967295,0,0
spikeUp,2272,768,001737C3,0,1,1,4294967295,0,0
spikeUp,2240,768,00117572,0,1,1,4294967295,0,0
spikeUp,2208,768,00392EEE,0,1,1,4294967295,0,0
spikeUp,2176,768,00311709,0,1,1,4294967295,0,0
spikeUp,2144,768,00250F64,0,1,1,4294967295,0,0
spikeUp,2112,768,002DBA79,0,1,1,4294967295,0,0
spikeUp,2080,768,00121D97,0,1,1,4294967295,0,0
spikeUp,2048,768,002556C1,0,1,1,4294967295,0,0
spikeUp,2016,768,00192293,0,1,1,4294967295,0,0
spikeUp,1984,768,002AEB90,0,1,1,4294967295,0,0
spikeUp,1952,768,002C48DC,0,1,1,4294967295,0,0
spikeUp,1920,768,0031C7FB,0,1,1,4294967295,0,1
spikeUp,1984,704,00134D6C,0,1,1,4294967295,0,0
spikeUp,2112,704,002B961E,0,1,1,4294967295,0,0
spikeUp,1792,864,0036545C,0,1,1,4294967295,0,0
spikeUp,1824,864,004035B9,0,1,1,4294967295,0,0
spikeUp,1856,864,000F9A68,0,1,1,4294967295,0,0
spikeUp,1824,992,00210026,0,1,1,4294967295,0,0
spikeUp,2016,992,00302C2A,0,1,1,4294967295,0,0
spikeUp,2208,992,002E427E,0,1,1,4294967295,0,0
spikeUp,1792,1152,0029F0D7,0,1,1,4294967295,0,0
spikeUp,1824,1152,00287F5E,0,1,1,4294967295,0,0
spikeUp,1856,1152,00377654,0,1,1,4294967295,0,0
spikeUp,1888,1152,0039378C,0,1,1,4294967295,0,0
spikeUp,1920,1152,00122BDC,0,1,1,4294967295,0,0
spikeUp,1952,1152,001E7EA7,0,1,1,4294967295,0,0
spikeUp,1984,1152,00249F81,0,1,1,4294967295,0,0
spikeUp,2016,1152,003C9423,0,1,1,4294967295,0,0
spikeUp,2048,1152,0026582D,0,1,1,4294967295,0,0
spikeUp,2080,1152,00282690,0,1,1,4294967295,0,0
spikeUp,2112,1152,0034E395,0,1,1,4294967295,0,0
spikeUp,2144,1152,002D0DB3,0,1,1,4294967295,0,0
spikeUp,2176,1152,0031A102,0,1,1,4294967295,0,0
spikeUp,2208,1152,0000348A,0,1,1,4294967295,0,0
spikeUp,2240,1152,00094A13,0,1,1,4294967295,0,0
spikeLeft,1792,1024,0005010A,0,1,1,4294967295,0,0
spikeLeft,1792,1056,0027C421,0,1,1,4294967295,0,0
spikeLeft,1984,1024,00297FC0,0,1,1,4294967295,0,0
spikeLeft,1984,1056,001A2F71,0,1,1,4294967295,0,0
spikeLeft,2176,1024,002A7B1D,0,1,1,4294967295,0,0
spikeLeft,2176,1056,003D1FB6,0,1,1,4294967295,0,0
spikeRight,1856,1024,0030C676,0,1,1,4294967295,0,0
spikeRight,1856,1056,00041AC9,0,1,1,4294967295,0,0
spikeRight,2048,1056,00236E06,0,1,1,4294967295,0,0
spikeRight,2048,1024,000E03A5,0,1,1,4294967295,0,0
spikeRight,2240,1056,00037B5C,0,1,1,4294967295,0,0
spikeRight,2240,1024,00302229,0,1,1,4294967295,0,0
spikeDown,2016,640,00040084,0,1,1,4294967295,0,0
spikeDown,1952,640,001BEDBC,0,1,1,4294967295,0,0
spikeDown,1920,640,0025E0DF,0,1,1,4294967295,0,0
spikeDown,1888,640,001B5A3B,0,1,1,4294967295,0,0
spikeDown,1856,640,0008E39E,0,1,1,4294967295,0,0
spikeDown,1824,640,002D9CD3,0,1,1,4294967295,0,0
spikeDown,1792,640,0026BE3A,0,1,1,4294967295,0,0
spikeDown,2080,640,001FFF1C,0,1,1,4294967295,0,0
spikeDown,2144,640,0026ABFF,0,1,1,4294967295,0,0
spikeDown,2208,640,003B4B43,0,1,1,4294967295,0,0
spikeDown,2240,640,0004ED35,0,1,1,4294967295,0,0
spikeDown,2272,640,0023F6FB,0,1,1,4294967295,0,0
spikeUp,1920,768,0025D837,0,1,1,4294967295,0,0
spikeUp,1952,768,0015CEC4,0,1,1,4294967295,0,0
spikeUp,1984,768,0000B51D,0,1,1,4294967295,0,0
spikeUp,2016,768,002D42A4,0,1,1,4294967295,0,0
spikeUp,2048,768,003267DE,0,1,1,4294967295,0,0
spikeUp,2080,768,000E2650,0,1,1,4294967295,0,0
spikeUp,2112,768,00296A3A,0,1,1,4294967295,0,0
spikeUp,2144,768,002453BE,0,1,1,4294967295,0,0
spikeUp,2176,768,001403B7,0,1,1,4294967295,0,0
spikeUp,2208,768,002DBE59,0,1,1,4294967295,0,0
spikeUp,2240,768,0006BC1E,0,1,1,4294967295,0,0
spikeUp,2272,768,0020CD5F,0,1,1,4294967295,0,0
movingPlatform,2176,1056,00191AE0,0,1,1,4294967295,0,1
movingPlatform,1888,767,0024D02D,0,1,1,4294967295,0,1
movingPlatform,1856,1056,000E9598,0,1,1,4294967295,0,1
savePointVHard,32,192,002A78C3,0,1,1,4294967295,0,0
blockFall,544,256,0007DB97,0,1,1,4294967295,0,0
blockFall,640,128,00221579,0,1,1,4294967295,0,0
blockRise,736,128,00213B25,0,1,1,4294967295,0,0
platform,96,288,002A3F84,0,1,1,4294967295,0,0
playMusic,32,224,00006675,0,1,1,4294967295,0,1
camera,32,32,00140694,0,1,1,4294967295,0,0
blockFall,1056,512,00205259,0,1,1,4294967295,0,0
blockFall,1120,512,001637BF,0,1,1,4294967295,0,0
blockRise,1248,448,00038E3D,0,1,1,4294967295,0,0
blockRise,1344,160,0029CD4A,0,1,1,4294967295,0,0
blockRise,832,352,003D282E,0,1,1,4294967295,0,0
blockRise,1504,576,0033989F,0,1,1,4294967295,0,0
savePointMedium,1632,1472,00276979,0,1,1,4294967295,0,0
blockNotVis,1760,1472,0034468D,0,1,1,4294967295,0,0
blockNotVis,1760,1504,002C4C12,0,1,1,4294967295,0,0
blockNotVis,1760,1536,00181969,0,1,1,4294967295,0,0
blockNotVis,1792,1376,000F2195,0,1,1,4294967295,0,0
blockNotVis,1920,1344,001C89A2,0,1,1,4294967295,0,0
blockNotVis,1920,1376,00009325,0,1,1,4294967295,0,0
blockNotVis,1920,1408,0029E8AC,0,1,1,4294967295,0,0
blockNotVis,1920,1440,000FB05E,0,1,1,4294967295,0,0
blockNotVis,1920,1472,003191C3,0,1,1,4294967295,0,0
blockNotVis,1920,1504,0039C798,0,1,1,4294967295,0,0
blockNotVis,1920,1536,00231EDC,0,1,1,4294967295,0,0
blockNotVis,1920,1568,00344E6E,0,1,1,4294967295,0,0
blockNotVis,1920,1600,001EB8FA,0,1,1,4294967295,0,0
blockNotVis,1920,1632,0025082E,0,1,1,4294967295,0,0
blockNotVis,1920,1664,0039F3AD,0,1,1,4294967295,0,0
blockNotVis,1920,1696,002CF6AE,0,1,1,4294967295,0,0
blockNotVis,1920,1728,00321723,0,1,1,4294967295,0,0
blockNotVis,1952,1664,0003EDDD,0,1,1,4294967295,0,0
blockNotVis,1984,1664,00134C8F,0,1,1,4294967295,0,0
blockNotVis,2016,1664,003E18A8,0,1,1,4294967295,0,0
blockNotVis,2048,1632,0020645C,0,1,1,4294967295,0,0
blockNotVis,2048,1600,0031E6FC,0,1,1,4294967295,0,0
blockNotVis,2048,1568,003FF0D4,0,1,1,4294967295,0,0
blockNotVis,2048,1536,00150169,0,1,1,4294967295,0,0
blockNotVis,2080,1536,000EB462,0,1,1,4294967295,0,0
blockNotVis,2112,1536,0019ED47,0,1,1,4294967295,0,0
blockNotVis,2144,1536,00086F91,0,1,1,4294967295,0,0
blockNotVis,2176,1536,003D42EE,0,1,1,4294967295,0,0
blockNotVis,2048,1472,0030ECC7,0,1,1,4294967295,0,0
blockNotVis,2048,1440,001F15BD,0,1,1,4294967295,0,0
blockNotVis,2048,1408,002C5AE8,0,1,1,4294967295,0,0
blockNotVis,2048,1376,0037697B,0,1,1,4294967295,0,0
blockNotVis,2080,1376,00213C02,0,1,1,4294967295,0,0
blockNotVis,2144,1376,001FE719,0,1,1,4294967295,0,0
blockNotVis,2144,1408,003445F3,0,1,1,4294967295,0,0
blockNotVis,2144,1440,000FA821,0,1,1,4294967295,0,0
blockNotVis,2144,1472,002607E9,0,1,1,4294967295,0,0
blockNotVis,2208,1504,00199EE5,0,1,1,4294967295,0,0
blockNotVis,2208,1472,001C6B99,0,1,1,4294967295,0,0
blockNotVis,2208,1440,00157F13,0,1,1,4294967295,0,0
blockNotVis,2208,1408,0024944D,0,1,1,4294967295,0,0
blockNotVis,2208,1376,0037616E,0,1,1,4294967295,0,0
blockNotVis,2112,1376,001C0A62,0,1,1,4294967295,0,0
blockNotVis,2240,1376,002CFFBF,0,1,1,4294967295,0,0
blockNotVis,2272,1376,0017AA51,0,1,1,4294967295,0,0
blockNotVis,2304,1376,002C2F93,0,1,1,4294967295,0,0
blockNotVis,2304,1408,002641AC,0,1,1,4294967295,0,0
blockNotVis,2304,1440,00021D10,0,1,1,4294967295,0,0
blockNotVis,2304,1472,002B2A26,0,1,1,4294967295,0,0
blockNotVis,2304,1504,000914A7,0,1,1,4294967295,0,0
blockNotVis,2304,1536,0010777F,0,1,1,4294967295,0,0
blockNotVis,2304,1568,00352181,0,1,1,4294967295,0,0
blockNotVis,2304,1600,002F30F8,0,1,1,4294967295,0,0
blockNotVis,2304,1632,000BBE51,0,1,1,4294967295,0,0
blockNotVis,2336,1728,0018F9B2,0,1,1,4294967295,0,0
blockNotVis,2304,1728,00226C5C,0,1,1,4294967295,0,0
blockNotVis,2304,1664,0027CC2F,0,1,1,4294967295,0,0
blockNotVis,2272,1728,0035665F,0,1,1,4294967295,0,0
blockNotVis,2240,1728,0016F0E3,0,1,1,4294967295,0,0
blockNotVis,2208,1728,00051A66,0,1,1,4294967295,0,0
blockNotVis,2048,1728,000A11D1,0,1,1,4294967295,0,0
blockNotVis,2080,1728,000978DF,0,1,1,4294967295,0,0
blockNotVis,2112,1728,0031D816,0,1,1,4294967295,0,0
blockNotVis,2144,1728,003382CF,0,1,1,4294967295,0,0
blockNotVis,2048,1664,000B2BAD,0,1,1,4294967295,0,0
blockNotVis,2080,1664,0024D95A,0,1,1,4294967295,0,0
blockNotVis,2112,1664,0008052B,0,1,1,4294967295,0,0
blockNotVis,2144,1664,000F6F1C,0,1,1,4294967295,0,0
blockNotVis,2176,1664,0032E041,0,1,1,4294967295,0,0
blockNotVis,2208,1664,00269CD8,0,1,1,4294967295,0,0
blockNotVis,2240,1664,00036FE9,0,1,1,4294967295,0,0
blockNotVis,2272,1664,0014DD9E,0,1,1,4294967295,0,0
blockNotVis,2208,1536,0035BB89,0,1,1,4294967295,0,0
blockNotVis,2080,1472,000120D3,0,1,1,4294967295,0,0
blockNotVis,2112,1472,002271E6,0,1,1,4294967295,0,0
blockFall,2208,320,0036B4CE,0,1,1,4294967295,0,0
blockFall,2176,320,002A7C57,0,1,1,4294967295,0,0
blockFall,2144,320,000D4FB3,0,1,1,4294967295,0,0
blockFall,2112,320,0013D0C5,0,1,1,4294967295,0,0
blockFall,2080,320,00169898,0,1,1,4294967295,0,0
blockFall,2048,320,003BAFE3,0,1,1,4294967295,0,0
blockFall,2016,320,000F4780,0,1,1,4294967295,0,0
blockFall,1984,320,00106BFE,0,1,1,4294967295,0,0
blockFall,1952,320,002DDC82,0,1,1,4294967295,0,0
blockFall,1920,320,0009441B,0,1,1,4294967295,0,0
blockFall,1888,320,002EBDE1,0,1,1,4294967295,0,0
blockFall,1856,320,002B0356,0,1,1,4294967295,0,0
blockRise,1792,448,000A436C,0,1,1,4294967295,0,0
blockRise,1856,448,003FE0EF,0,1,1,4294967295,0,0
blockRise,1920,448,002DFEF5,0,1,1,4294967295,0,0
blockRise,1984,448,00235FDA,0,1,1,4294967295,0,0
blockRise,2048,448,001CCAAE,0,1,1,4294967295,0,0
blockRise,2112,448,00321DAE,0,1,1,4294967295,0,0
blockRise,2176,448,000205F2,0,1,1,4294967295,0,0
blockFall,1824,448,00184555,0,1,1,4294967295,0,0
blockFall,1888,448,0019B135,0,1,1,4294967295,0,0
blockFall,1952,448,00203F08,0,1,1,4294967295,0,0
blockFall,2016,448,0038EE61,0,1,1,4294967295,0,0
blockFall,2080,448,0000D72F,0,1,1,4294967295,0,0
blockFall,2144,448,00078CD0,0,1,1,4294967295,0,0
savePoint,1664,96,00187927,0,1,1,4294967295,0,0
savePointMedium,2304,640,002B7F64,0,1,1,4294967295,0,0
savePointVHard,2336,928,002AF058,0,1,1,4294967295,0,0
playerStart,144,64,00201E6D,0,1,1,4294967295,0,0
